    7     7    7  1016
    7  1016  560  1016
  560  1016  560   575
  560   575  552   575
  552   575  552   567
  552   567  544   567
  544   567  544   559
  544   559  536   559
  536   559  536   551
  536   551  528   551
  528   543  520   543
  520   543  520   535
  520   535  512   535
  512   535  512   527
  512   527  504   527
  504   527  504   519
  504   519  496   519
  496   519  496   511
  496   511  488   511
  488   511  488   503
  488   503  480   503
  480   503  480   495
  480   495  472   495
  472   495  472   487
  472   487  464   487
  464   487  464   479
  464   479  456   479
  456   479  456   471
  456   471  448   471
  448   471  448   463
  448   463  440   463
  440   463  440   455
  440   455  432   455
  432   455  432   440
  432   440  447   440
  447   440  447   448
  447   448  455   448
  455   448  455   456
  455   456  463   456
  463   456  463   464
  463   464  471   464
  471   464  471   472
  471   472  479   472
  479   472  479   480
  479   480  487   480
  487   480  487   488
  487   488  495   488
  495   488  495   496
  495   496  503   496
  503   496  503   504
  503   504  511   504
  511   504  511   512
  511   512  519   512
  519   512  519   520
  519   520  527   520
  527   520  527   528
  527   528  535   528
  535   528  535   536
  535   536  543   536
  543   536  543   544
  543   544  551   544
  551   544  551   552
  551   552  559   552
  559   552  559   560
  559   560  567   560
  567   560  567   568
  567   568  575   568
  575   568  575  1016
  575  1016 1016  1016
 1016  1016 1016   503
 1016   503  952   503
  952   503  952   488
  952   488 1016   488
 1016   488 1016     7
 1016     7  607     7
  607     7  607    71
  607    71  416    71
  416    71  416    63
  416    63  408    63
  408    63  408    55
  408    55  400    55
  400    55  400    47
  400    47  392    47
  392    47  392     7
  392     7    7     7
  824   488  887   488
  887   488  887   503
  887   503  824   503
  824   503  824   488
  240   232  240   687
  240   687  248   687
  248   687  248   695
  248   695  256   695
  256   695  256   703
  256   703  264   703
  264   703  264   711
  272   711  272   719
  272   719  280   719
  280   719  280   727
  280   727  288   727
  288   727  288   735
  288   735  296   735
  296   735  296   743
  296   743  304   743
  304   743  304   751
  304   751  312   751
  312   751  312   759
  312   759  320   759
  320   759  320   767
  320   767  328   767
  328   767  328   775
  328   775  336   775
  336   775  336   783
  336   783  344   783
  344   783  344   791
  344   791  352   791
  352   791  352   799
  352   799  360   799
  360   799  360   807
  360   807  368   807
  368   807  368   815
  368   815  383   815
  383   815  383   800
  383   800  375   800
  375   800  375   792
  375   792  367   792
  367   792  367   784
  367   784  359   784
  359   784  359   776
  359   776  351   776
  351   776  351   768
  351   768  343   768
  343   768  343   760
  343   760  335   760
  335   760  335   752
  335   752  327   752
  327   752  327   744
  327   744  319   744
  319   744  319   736
  319   736  311   736
  311   736  311   728
  311   728  303   728
  303   728  303   720
  303   720  295   720
  295   720  295   712
  295   712  287   712
  287   712  287   704
  287   704  279   704
  279   704  279   696
  279   696  271   696
  271   696  271   688
  271   688  263   688
  263   688  263   680
  263   680  255   680
  255   680  255   239
  255   239  263   239
  263   239  263   231
  263   231  271   231
  271   231  271   223
  271   223  279   223
  279   223  279   215
  279   215  287   215
  287   215  287   207
  287   207  295   207
  295   207  295   199
  295   199  303   199
  303   199  303   191
  303   191  311   191
  311   191  311   183
  311   183  399   183
  399   183  399   167
  399   167  407   167
  407   167  407   159
  407   159  415   159
  415   159  415   151
  415   151  423   151
  423   151  423   143
  423   143  600   143
  600   143  600   191
  600   191  704   191
  704   191  704   583
  704   583  712   583
  712   583  712   591
  712   591  720   591
  720   591  720   647
  720   647  728   647
  728   647  728   655
  728   655  736   655
  736   655  736   663
  736   663  744   663
  744   663  744   671
  744   671  752   671
  752   671  752   679
  752   679  760   679
  760   679  760   687
  760   687  768   687
  768   687  768   695
  768   695  776   695
  776   695  776   703
  776   703  784   703
  784   703  784   711
  784   711  792   711
  792   711  792   719
  792   719  800   719
  800   719  800   727
  800   727  808   727
  808   727  808   735
  808   735  816   735
  816   735  816   743
  816   743  824   743
  824   743  824   751
  824   751  832   751
  832   751  832   783
  832   783  847   783
  847   783  847   744
  847   744  839   744
  839   744  839   736
  839   736  831   736
  831   736  831   728
  831   728  823   728
  823   728  823   720
  823   720  815   720
  815   720  815   712
  815   712  807   712
  807   712  807   704
  807   704  799   704
  799   704  799   696
  799   696  791   696
  791   696  791   688
  791   688  783   688
  783   688  783   680
  783   680  775   680
  775   680  775   672
  775   672  767   672
  767   672  767   664
  767   664  759   664
  759   664  759   656
  759   656  751   656
  751   656  751   648
  751   648  743   648
  743   648  743   640
  743   640  735   640
  735   640  735   584
  735   584  727   584
  727   584  727   576
  727   576  719   576
  719   576  719   176
  719   176  607   176
  607   176  607   136
  607   136  416   136
  416   136  416   144
  416   144  408   144
  408   144  408   152
  408   152  400   152
  400   152  400   160
  400   160  392   160
  392   160  392   168
  392   168  304   168
  304   168  304   176
  304   176  296   176
  296   176  296   184
  296   184  288   184
  288   184  288   192
  288   192  280   192
  280   192  280   200
  280   200  272   200
  272   200  272   208
  272   208  264   208
  264   208  264   216
  264   216  256   216
  256   216  256   224
  256   224  248   224
  248   224  248   232
  248   232  240   232
